9998924
5533294
3661704
5029655
5444454
8203748
583035
6666109
3687669
2828881
9448331
2629578
915947
1265975
5061312
3742948
3997076
723696
5538305
4339313
3623861
1924089
4698261
8215153
9360038
832305
3287881
3140475
5239852
2942074
1104128
4885425
8582686
3785546
949680
9180648
2663780
4930485
5326424
9521134
50608
3358807
7693317
4388980
4057153
3662665
3638291
38156
8709040
1349359
9769383
118933
9701626
8510143
2410623
7011024
5696231
2561976
3541789
7664071
4300532
6682207
4653028
1288926
3026641
1542028
5444928
1268701
2422160
1181728
8799482
167299
4622366
6237429
8563248
5372971
4652895
8139015
5862379
2835541
6752088
5247328
7943734
7482000
3049724
3423803
9251443
3124742
9633105
3130011
4983591
456521
6787710
8222159
4821622
1391549
4403754
1221517
7753326
9593218
6816302
2973520
9772934
267306
8838270
4071663
4047328
9880734
6015991
4097332
8608530
9725424
202826
2547662
6900461
7344735
6716312
9381148
511845
1986710
8984226
3868171
4649146
1476658
7095156
511387
9082049
9557721
6320949
2893208
2150807
8672322
2820838
5491414
7047406
5485506
8082998
1508005
6419689
4287493
8957988
6002904
3830867
9729007
2735720
4801316
3249931
5128838
1682193
282956
4919257
4291744
2113255
2848106
4035731
4183843
3975656
4623465
1838018
3240082
201134
1789825
5015140
8798088
4277878
5475072
8441236
7679713
4785257
7446843
3775509
445537
884437
8370799
1100450
3825829
8488343
5264767
3220288
2707199
7182197
2065111
3684903
9908797
9921782
6692492
4174999
2901207
190032
929259
8417610
9410284
2606812
9430155
3393485
4079655
524514
6207287
5394832
8896118
4100992
8343142
9691017
7840492
4186406
6436820
4764611
429587
3783665
7852544
8570625
6992926
5107710
9810976
7641709
7451497
2750293
7687517
2132667
4840416
9230302
7485966
3786960
9499837
925566
5515336
1087462
9146115
7101006
3564458
6240102
8327874
6943891
8531884
6805822
6313697
3644219
7552129
310854
8501871
8296269
5062595
5231524
9589699
1771382
8129202
1840530
2660958
841943
2933688
3006558
3376739
8187240
2907738
3443894
3916007
565142
710227
4894604
7914856
4148697
2747732
6654427
7187070
1467547
7869041
9680169
6483066
307140
63422
8875066
5606218
5099456
6177397
5150250
1897567
6220690
3254569
9470546
6416685
5608589
1678783
9492975
603319
6285604
312805
8679935
2379000
4316041
4881271
5721959
9679445
4967217
7040962
9068466
1296794
182993
5440798
7585141
9517597
3780056
8779443
7841564
6896732
4380549
5989734
1885776
9661001
6535215
1749165
9196266
8776224
4538106
5273975
4588290
9664910
797170
9366504
7962719
9402491
7243772
5447483
4995558
593501
8477432
7479642
5984701
1686684
6024645
7844147
8978540
4834765
7047294
2477677
933348
4138070
499780
2859151
4002308
7901396
3747600
1690842
4033787
9112012
6437608
8373656
9044646
5812525
6210196
2912156
3499937
4620770
8442894
4688430
3664712
1264784
4554037
4914527
229203
7490472
1236258
845771
5317107
7296360
479346
7932761
8524213
6326844
2776202
8704470
6731378
305266
4345338
3445421
1592145
1656723
8272944
3954352
4133120
6395191
1596481
6185076
842156
4134358
7191574
3192272
970249
1607744
660760
7017255
2987873
2782133
8503342
4723168
8752352
8414775
6790222
7247607
506166
7994914
3662375
2316137
3289521
5938567
663047
7190382
7776336
8105536
6114468
2947225
8433490
6349078
5670099
3700799
4914059
3592125
2800231
1370293
8796219
4102689
4627608
8517551
5818744
7545666
5355361
7349681
8095039
1176522
3473606
5369826
3578966
7965861
672665
1603413
6226271
2332575
5776016
3019671
6193825
3610502
741114
5247072
4631126
7111759
8133434
9372641
8550240
5634594
7267204
9298046
3907917
6733589
6502190
6340031
8305489
8002729
5983327
278895
201782
5063418
4950142
5866214
9674802
5681434
1005255
6052455
8972414
9381559
7451921
959990
3934786
3586352
7735689
8352335
6711716
9585359
3958310
5197908
6688609
7687762
3742357
3876808
1892993
9663742
8585245
1792238
5008289
7635107
9085644
35960
5236006
3644910
4672193
7572823
4399224
6897954
8559287
5702740
8611089
8657622
2547023
6146585
5383628
9811285
6245031
3159035
272356
1856708
8678829
5256325
8245842
837943
3995932
5695585
2086143
8725311
7061870
7685874
8786850
6857784
1218728
1348088
1473995
7497466
5622390
9657521
6060544
9341115
9278639
4346017
2213954
2050208
627798
2595363
3690939
6460417
8643245
2290896
8295417
3609744
91753
3841929
2976849
2638944
180150
5708337
5547696
7352531
7708535
9745251
1076008
9447057
9854582
4270892
1141431
7101653
5784730
4477241
967042
8394531
7564408
6280208
1331782
1532550
7946854
8720515
2797747
7924158
2095361
5259340
9479593
5139421
9494219
2765774
2672695
6639698
97646
5828236
8155930
2602593
9934942
8191528
5770565
7212334
243394
7559011
8923879
5232686
7825046
6294337
9419914
1374592
5032522
5596232
9613287
7600699
770793
109381
4546095
9391863
3654212
9717113
4411454
3597265
9382079
2929282
3806022
1449583
3169938
5705347
4583668
4771059
9192034
5341642
4247129
9433677
5013990
8322271
9517998
5167027
1126840
3254814
8884293
8030384
7441237
2103174
9979414
9389705
8087343
9880355
2125302
9514860
1911464
1696364
4700675
5574902
1107518
968059
5604445
8662503
8872599
1197491
6576548
816571
4503279
1292170
7018290
5609382
5750660
5029847
178649
5404481
6827696
153548
5430806
1740750
9845863
391404
3281408
6990575
6017509
1557695
4201840
9596345
4253898
8832435
261342
2438255
7945900
5814964
4543836
5222572
4643673
2876916
2327215
7751430
5801801
7447171
6073838
7629308
1876240
2560572
2504616
3842157
1924619
6696483
2025388
9356614
21102
3489490
2109144
655504
7495198
7898485
6095584
9239338
6834541
6889678
8848323
9356326
8671855
9235351
8456676
3151188
6661031
2178191
9006507
3445518
3237817
6847381
7719781
4069972
9472133
3850973
5827522
6048083
7788347
3264907
9337370
5137296
1620049
8320132
8801040
7931860
2074794
1144324
827209
9587600
622886
4068790
7043185
1294918
7862036
5954877
7711482
7454158
5622826
778373
5065207
8057342
1697295
5489529
2120159
8197277
7852058
4561731
2661220
1960803
7424540
5431551
8506499
8832518
6813451
4517463
5865064
1343576
9427374
7025440
7051408
9276773
267993
447385
9635005
6992788
1799403
6072092
9986663
5610948
9104762
296459
9031982
8357371
383588
722321
2208713
3261562
3614987
6800265
9792871
8750894
2051120
3557684
9923689
6142682
3347425
8539299
2856030
3785702
7965804
3045973
5364156
5519788
911770
8822723
6506810
2975307
1214642
4959299
8194268
3617230
400147
5803666
1712316
4619025
2315701
5707363
4126599
6651325
6147495
1289873
5129414
1342258
9535055
1391361
173330
539103
7408788
8634212
5318883
6044888
4539468
8063469
8296347
5718031
5419557
1797872
3074878
1269013
2536450
8979210
203933
3280090
1724156
7071634
8682266
4744496
994219
3843404
895825
7576845
1252339
5127239
9497790
5247634
8939802
1472186
7282227
3553120
116888
9967152
1047887
4721475
4545373
5966948
6764150
8708378
9315704
2170154
2818677
4809104
3390368
691228
279635
3933913
3135195
315565
6701201
5502459
3631828
8118012
4819952
5885966
7752934
8350710
2893516
650912
2287942
2045699
4770190
730551
2522362
9189833
1988517
3820748
6648802
2780501
9294577
1178612
3359143
7336061
8796113
9062185
3361018
3503253
8744362
83283
9433980
4891420
3298907
6760970
7776331
7051361
2139702
4234868
6056002
1112529
7255555
2357820
568892
6452859
707713
3999585
8248725
2132771
4233416
9080344
4230443
7111640
6020113
9514595
4560319
2347940
4697468
1291855
1826521
8419861
5468452
2511232
4134469
4335618
4123670
3775926
9222233
6961334
5745227
3652260
4488502
3009545
8215011
8139997
9540134
5438994
1122279
7321675
2326524
1389356
2688023
8035381
7422066
5707023
3647410
6090041
5600150
8532593
4267911
914001
6553843
7969874
183463
7406387
8568152
9134188
6030983
2222902
2684231
7792417
5952243
9273008
8102092
3147134
90403
6793865
9594615
1502587
2533152
1878645
8233594
6865026
3825127
9795691
7314669
458529
6859035
9058053
6395380
8001287
2003168
5980266
5526000
3365732
4248899
7540084
4488948
7459331
4009408
1868404
1138142
9810102
5883271
8395127
